0.0500244963 0.0909411075 0.1153002077 0.1186667719 0.1004278549 0.0639041889 0.0157455831 -0.0352797975 -0.0798818382 -0.1099399124 -0.1199813916 -0.1081780387 -0.0766788725 -0.0312188990 0.0199250527 0.0674412799
0.0909411075 0.1186667719 0.0639041889 -0.0352797975 -0.1099399124 -0.1081780387 -0.0312188990 0.0674412799 0.1192213348 0.0881276517 -0.0042257708 -0.0936417542 -0.1179650072 -0.0602878271 0.0392969327 0.1115654096
0.1153002077 0.0639041889 -0.0798818382 -0.1081780387 0.0199250527 0.1192213348 0.0461523885 -0.0936417542 -0.0980525583 0.0392969327 0.1198325590 0.0271192745 -0.1048019248 -0.0852048768 0.0575778248 0.1171169112
0.1186667719 -0.0352797975 -0.1081780387 0.0674412799 0.0881276517 -0.0936417542 -0.0602878271 0.1115654096 0.0271192745 -0.1196280079 0.0084462998 0.1171169112 -0.0432653215 -0.1042540705 0.0742602027 0.0821764083
0.1004278549 -0.1099399124 0.0199250527 0.0881276517 -0.1163997442 0.0392969327 0.0733807895 -0.1196280079 0.0575778248 0.0565966804 -0.1195350785 0.0742602027 0.0382412962 -0.1161235359 0.0888809188 0.0188242314
0.0639041889 -0.1081780387 0.1192213348 -0.0936417542 0.0392969327 0.0271192745 -0.0852048768 0.1171169112 -0.1130525140 0.0742602027 -0.0126563514 -0.0528353275 0.1020968435 -0.1199958512 0.1010340631 -0.0510362358
0.0157455831 -0.0312188990 0.0461523885 -0.0602878271 0.0733807895 -0.0852048768 0.0955556310 -0.1042540705 0.1111497849 -0.1161235359 0.1190893190 -0.1199958512 0.1188274568 -0.1156043393 0.1103822319 -0.1032514332
-0.0352797975 0.0674412799 -0.0936417542 0.1115654096 -0.1196280079 0.1171169112 -0.1042540705 0.0821764083 -0.0528353275 0.0188242314 0.0168507032 -0.0510362358 0.0807107713 -0.1032514332 0.1166658948 -0.1197684770
-0.0798818382 0.1192213348 -0.0980525583 0.0271192745 0.0575778248 -0.1130525140 0.1111497849 -0.0528353275 -0.0322945856 0.1010340631 -0.1184958336 0.0758175438 0.0053403408 -0.0837878480 0.1197106008 -0.0948767638
-0.1099399124 0.0881276517 0.0392969327 -0.1196280079 0.0565966804 0.0742602027 -0.1161235359 0.0188242314 0.1010340631 -0.0998129691 -0.0210241524 0.1166658948 -0.0724950358 -0.0585539942 0.1194318206 -0.0371823554
-0.1199813916 -0.0042257708 0.1198325590 0.0084462998 -0.1195350785 -0.0126563514 0.1190893190 0.0168507032 -0.1184958336 -0.0210241524 0.1177553584 0.0251715218 -0.1168688119 -0.0292876669 0.1158372938 0.0333674817
